LOOCV Results:
 test_id  y_true  y_pred
   20950       1       0
   21376       1       1
   21835       1       0
   22498       1       1
   22705       1       1
   22878       1       0
   23046       1       0
   23146       1       1
   23149       1       1
   23179       1       0
   23298       1       0
   23468       0       0
   23481       1       1
   23558       0       0
   23596       1       0
   23636       1       1
   23683       1       1
   23698       1       1
   23710       1       0
   23724       1       1
   23726       1       1
   23784       1       1
   23795       1       0
   23807       1       1
   23836       1       1
   23868       1       0
   23885       0       0
   23936       1       0
   23939       1       1
   23995       0       0
   23998       1       1
   24004       0       0
   24007       1       1
   24010       1       1
   24011       1       0
   24016       1       0
   24032       1       1
   24038       0       1
   24053       1       1
   24074       1       1
   24079       1       1
   24104       1       1
   24141       1       1
   24142       0       0
   24146       1       1
   24155       0       0
   24162       1       1
   24179       1       1
   24184       1       1
   24198       0       1
   24212       0       0
   24234       1       1
   24237       0       0
   24239       1       0
   24243       0       1
   24244       0       0
   24246       1       1
   24248       1       0
   24249       1       0
   24250       0       0
   24254       0       0

Overall Accuracy:
0.6885245901639344

Balanced Accuracy:
0.7260869565217392

Classification Report:
              precision    recall  f1-score   support

           0       0.43      0.80      0.56        15
           1       0.91      0.65      0.76        46

    accuracy                           0.69        61
   macro avg       0.67      0.73      0.66        61
weighted avg       0.79      0.69      0.71        61


Manual Per-class Accuracy:
{0: 0.8, 1: 0.6521739130434783}

Manual Balanced Accuracy:
0.7260869565217392